42 10 | 40 10 | 8
44 10 | 40 10 | 8
46 10 | 40 10 | 8
48 10 | 40 10 | 8
50 10 | 40 10 | 8
52 10 | 40 10 | 8
54 10 | 40 10 | 8
56 10 | 40 10 | 8
58 10 | 40 10 | 8
60 10 | 40 10 | 8
62 10 | 79 10 | 8
64 10 | 79 10 | 8
66 10 | 79 10 | 9
68 10 | 79 10 | 9
70 10 | 0 0 | 10
72 10 | 0 0 | 10
74 10 | 0 0 | 10
76 10 | 0 0 | 10
78 10 | 0 0 | 10
79 10 | 0 0 | 10
77 10 | 0 0 | 10
75 10 | 0 0 | 10
73 10 | 0 0 | 10
71 10 | 0 0 | 10
69 10 | 0 0 | 10
67 10 | 0 0 | 10
65 10 | 0 0 | 10
63 10 | 0 0 | 10
61 10 | 0 0 | 10
59 10 | 0 0 | 10
57 10 | 0 0 | 10
55 10 | 0 0 | 9
53 10 | 0 0 | 9
51 10 | 0 0 | 9
49 10 | 0 0 | 8
47 10 | 0 0 | 8
45 10 | 0 0 | 8
43 10 | 0 0 | 8
41 10 | 0 0 | 8
39 10 | 0 0 | 8
37 10 | 0 0 | 8
35 10 | 0 0 | 8
33 10 | 0 0 | 8
31 10 | 0 0 | 8
29 10 | 0 0 | 8
27 10 | 0 0 | 8
25 10 | 0 0 | 8
23 10 | 0 0 | 8
21 10 | 0 0 | 8
19 10 | 0 0 | 8
17 10 | 0 0 | 8
15 10 | 0 0 | 8
13 10 | 0 0 | 8
11 10 | 0 0 | 8
9 10 | 0 0 | 8
7 10 | 0 0 | 8
5 10 | 0 0 | 8
3 10 | 0 0 | 8
1 10 | 0 0 | 8
2 9 | 0 0 | 8
3 8 | 0 0 | 8
4 7 | 0 0 | 8
5 6 | 0 0 | 8
6 5 | 0 0 | 8
7 4 | 0 0 | 8
8 3 | 0 0 | 8
9 2 | 0 0 | 8
10 1 | 0 0 | 8
11 2 | 0 0 | 8
12 3 | 0 0 | 8
13 4 | 0 0 | 8
14 5 | 0 0 | 8
15 6 | 0 0 | 8
16 7 | 0 0 | 8
17 8 | 0 0 | 8
18 9 | 0 0 | 8
19 10 | 0 0 | 8
20 11 | 0 0 | 8
21 12 | 0 0 | 8
22 13 | 0 0 | 8
23 14 | 0 0 | 8
24 15 | 0 0 | 8
25 16 | 0 0 | 8
26 17 | 0 0 | 8
27 18 | 0 0 | 8
28 19 | 0 0 | 8
29 18 | 0 0 | 8
30 17 | 0 0 | 8
31 16 | 0 0 | 8
32 15 | 0 0 | 8
33 14 | 0 0 | 8
34 13 | 0 0 | 8
35 12 | 0 0 | 8
36 11 | 0 0 | 8
37 10 | 0 0 | 8
38 9 | 0 0 | 8
39 8 | 0 0 | 8
40 7 | 0 0 | 8
41 6 | 0 0 | 8
42 5 | 0 0 | 8
43 4 | 0 0 | 8
44 3 | 0 0 | 8
45 2 | 0 0 | 8
46 1 | 0 0 | 8
47 2 | 0 0 | 8
48 3 | 0 0 | 8
49 4 | 0 0 | 8
50 5 | 0 0 | 8
51 6 | 0 0 | 8
52 7 | 0 0 | 8
53 8 | 0 0 | 8
54 9 | 0 0 | 8
55 10 | 0 0 | 8
56 11 | 0 0 | 8
57 12 | 0 0 | 8
58 13 | 0 0 | 8
59 14 | 0 0 | 8
60 15 | 0 0 | 8
61 16 | 79 4 | 8
62 17 | 79 4 | 8
63 18 | 79 4 | 7
64 19 | 79 4 | 7
65 18 | 79 4 | 6
66 17 | 79 4 | 6
67 16 | 79 4 | 5
68 15 | 79 4 | 5
69 14 | 79 4 | 4
70 13 | 79 4 | 4
71 12 | 79 4 | 3
72 11 | 79 4 | 3
73 10 | 0 0 | 2
74 9 | 0 0 | 2
75 8 | 0 0 | 2
76 7 | 0 0 | 2
77 6 | 0 0 | 2
78 5 | 0 0 | 2
79 4 | 0 0 | 2
78 3 | 0 0 | 2
77 2 | 0 0 | 2
76 1 | 0 0 | 2
75 2 | 0 0 | 2
74 3 | 0 0 | 2
73 4 | 0 0 | 2
72 5 | 0 0 | 2
71 6 | 0 0 | 2
70 7 | 0 0 | 2
69 8 | 0 0 | 2
68 9 | 0 0 | 2
67 10 | 0 0 | 2
66 11 | 0 0 | 2
65 12 | 0 0 | 2
64 13 | 0 0 | 2
63 14 | 0 0 | 2
62 15 | 0 0 | 2
61 16 | 0 0 | 2
60 17 | 0 0 | 2
59 18 | 0 0 | 2
58 19 | 0 0 | 3
57 18 | 0 0 | 3
56 17 | 0 0 | 3
55 16 | 0 0 | 4
54 15 | 0 0 | 4
53 14 | 0 0 | 4
52 13 | 0 0 | 5
51 12 | 0 0 | 5
50 11 | 0 0 | 5
49 10 | 0 0 | 6
48 9 | 0 0 | 6
47 8 | 0 0 | 6
46 7 | 0 0 | 7
45 6 | 0 0 | 7
44 5 | 0 0 | 7
43 4 | 0 0 | 8
42 3 | 0 0 | 8
41 2 | 0 0 | 8
40 1 | 0 0 | 8
39 2 | 0 0 | 8
38 3 | 0 0 | 8
37 4 | 0 0 | 8
36 5 | 0 0 | 8
35 6 | 0 0 | 8
34 7 | 0 0 | 8
33 8 | 0 0 | 8
32 9 | 0 0 | 8
31 10 | 0 0 | 8
30 11 | 0 0 | 8
29 12 | 0 0 | 8
28 13 | 0 0 | 8
27 14 | 0 0 | 8
26 15 | 0 0 | 8
25 16 | 0 0 | 8
24 17 | 0 0 | 8
23 18 | 0 0 | 8
22 19 | 0 0 | 8
21 18 | 0 0 | 8
20 17 | 0 0 | 8
19 16 | 0 0 | 8
18 15 | 0 0 | 8
17 14 | 0 0 | 8
16 13 | 0 0 | 8
15 12 | 0 0 | 8
14 11 | 0 0 | 8
13 10 | 0 0 | 8
12 9 | 0 0 | 8
11 8 | 0 0 | 8
10 7 | 0 0 | 8
9 6 | 0 0 | 8
8 5 | 0 0 | 8
7 4 | 0 0 | 8
6 3 | 0 0 | 8
5 2 | 0 0 | 8
4 1 | 0 0 | 8
3 2 | 0 0 | 8
2 3 | 0 0 | 8
1 4 | 0 0 | 8
3 4 | 0 0 | 8
5 4 | 0 0 | 8
7 4 | 0 0 | 8
9 4 | 0 0 | 8
11 4 | 0 0 | 8
13 4 | 0 0 | 8
15 4 | 0 0 | 8
17 4 | 0 0 | 8
19 4 | 0 0 | 8
21 4 | 0 0 | 8
23 4 | 0 0 | 8
25 4 | 0 0 | 8
27 4 | 0 0 | 8
29 4 | 0 0 | 8
31 4 | 0 0 | 8
33 4 | 0 0 | 8
35 4 | 0 0 | 8
37 4 | 0 0 | 8
39 4 | 0 0 | 8
41 4 | 0 0 | 8
43 4 | 0 0 | 8
45 4 | 0 0 | 8
47 4 | 0 0 | 8
49 4 | 0 0 | 8
51 4 | 0 0 | 8
53 4 | 0 0 | 8
55 4 | 0 0 | 8
57 4 | 0 0 | 8
59 4 | 0 0 | 8
61 4 | 79 4 | 8
63 4 | 79 4 | 8
65 4 | 79 4 | 7
67 4 | 79 4 | 7
69 4 | 79 4 | 6
71 4 | 79 4 | 6
73 4 | 79 4 | 5
75 4 | 79 4 | 5
77 4 | 79 4 | 4
79 4 | 79 4 | 4
78 3 | 79 4 | 4
77 2 | 79 4 | 4
76 1 | 79 4 | 4
75 2 | 79 4 | 4
74 3 | 79 4 | 4
73 4 | 79 4 | 4
72 5 | 79 4 | 4
71 6 | 79 4 | 4
70 7 | 79 4 | 4
69 8 | 79 4 | 4
68 9 | 79 4 | 4
67 10 | 79 4 | 4
66 11 | 79 4 | 4
65 12 | 79 4 | 4
64 13 | 79 4 | 4
63 14 | 79 4 | 4
62 15 | 79 4 | 4
61 16 | 79 4 | 4
60 17 | 79 4 | 4
59 18 | 79 4 | 5
58 19 | 79 4 | 5
57 18 | 79 4 | 5
56 17 | 79 4 | 6
55 16 | 79 4 | 6
54 15 | 79 4 | 6
53 14 | 79 4 | 7
52 13 | 79 4 | 7
51 12 | 79 4 | 7
50 11 | 79 4 | 8
49 10 | 79 4 | 8
48 9 | 79 4 | 8
47 8 | 79 4 | 8
46 7 | 79 4 | 8
45 6 | 79 4 | 8
44 5 | 79 4 | 8
43 4 | 79 4 | 8
42 3 | 79 4 | 8
41 2 | 79 4 | 8
40 1 | 79 4 | 8
39 2 | 79 4 | 8
38 3 | 79 4 | 8
37 4 | 79 4 | 8
36 5 | 79 4 | 8
35 6 | 79 4 | 8
34 7 | 79 4 | 8
33 8 | 79 4 | 8
32 9 | 79 4 | 8
31 10 | 79 4 | 8
30 11 | 79 4 | 8
29 12 | 79 4 | 8
28 13 | 79 4 | 8
27 14 | 79 4 | 8
26 15 | 79 4 | 8
25 16 | 79 4 | 8
24 17 | 79 4 | 8
23 18 | 79 4 | 8
22 19 | 79 4 | 8
21 18 | 79 4 | 8
20 17 | 79 4 | 8
19 16 | 79 4 | 8
18 15 | 79 4 | 8
17 14 | 79 4 | 8
16 13 | 79 4 | 8
15 12 | 79 4 | 8
14 11 | 79 4 | 8
13 10 | 79 4 | 8
12 9 | 79 4 | 8
11 8 | 79 4 | 8
10 7 | 79 4 | 8
9 6 | 79 4 | 8
8 5 | 79 4 | 8
7 4 | 79 4 | 8
6 3 | 79 4 | 8
5 2 | 79 4 | 8
4 1 | 79 4 | 8
3 2 | 79 4 | 8
2 3 | 79 4 | 8
1 4 | 79 4 | 8
2 3 | 79 4 | 8
3 2 | 79 4 | 8
4 1 | 79 4 | 8
5 2 | 79 4 | 8
6 3 | 79 4 | 8
7 4 | 79 4 | 8
8 5 | 79 4 | 8
9 6 | 79 4 | 8
10 7 | 79 4 | 8
11 8 | 79 4 | 8
12 9 | 79 4 | 8
13 10 | 79 4 | 8
14 11 | 79 4 | 8
15 12 | 79 4 | 8
16 13 | 79 4 | 8
17 14 | 79 4 | 8
18 15 | 79 4 | 8
19 16 | 79 4 | 8
20 17 | 79 4 | 8
21 18 | 79 4 | 8
22 19 | 79 4 | 8
23 18 | 79 4 | 8
24 17 | 79 4 | 8
25 16 | 79 4 | 8
26 15 | 79 4 | 8
27 14 | 79 4 | 8
28 13 | 79 4 | 8
29 12 | 79 4 | 8
30 11 | 79 4 | 8
31 10 | 79 4 | 8
32 9 | 79 4 | 8
33 8 | 79 4 | 8
34 7 | 79 4 | 8
35 6 | 79 4 | 8
36 5 | 79 4 | 8
37 4 | 79 4 | 8
38 3 | 79 4 | 8
39 2 | 79 4 | 8
40 1 | 79 4 | 8
41 2 | 79 4 | 8
42 3 | 79 4 | 8
43 4 | 79 4 | 8
44 5 | 79 4 | 8
45 6 | 79 4 | 8
46 7 | 79 4 | 8
47 8 | 79 4 | 8
48 9 | 79 4 | 8
49 10 | 79 4 | 8
50 11 | 79 4 | 8
51 12 | 79 4 | 8
52 13 | 79 4 | 8
53 14 | 79 4 | 8
54 15 | 79 4 | 8
55 16 | 79 4 | 8
56 17 | 79 4 | 8
57 18 | 79 4 | 8
58 19 | 79 4 | 8
59 18 | 79 4 | 8
60 17 | 79 4 | 8
61 16 | 79 4 | 8
62 15 | 79 4 | 7
63 14 | 79 4 | 7
64 13 | 79 4 | 6
65 12 | 79 4 | 6
66 11 | 79 4 | 5
67 10 | 79 4 | 5
68 9 | 79 4 | 4
69 8 | 79 4 | 4
70 7 | 0 0 | 3
71 6 | 0 0 | 3
72 5 | 0 0 | 3
73 4 | 0 0 | 3
74 3 | 0 0 | 3
75 2 | 0 0 | 3
76 1 | 0 0 | 3
77 2 | 0 0 | 3
78 3 | 0 0 | 3
79 4 | 0 0 | 3
77 4 | 0 0 | 3
75 4 | 0 0 | 3
73 4 | 0 0 | 3
71 4 | 0 0 | 3
69 4 | 0 0 | 3
67 4 | 0 0 | 3
65 4 | 0 0 | 3
63 4 | 0 0 | 3
61 4 | 0 0 | 3
59 4 | 0 0 | 3
57 4 | 0 0 | 3
55 4 | 0 0 | 4
53 4 | 0 0 | 4
51 4 | 0 0 | 4
49 4 | 0 0 | 5
47 4 | 0 0 | 5
45 4 | 0 0 | 5
43 4 | 0 0 | 6
41 4 | 0 0 | 6
39 4 | 0 0 | 6
37 4 | 0 0 | 7
35 4 | 0 0 | 7
33 4 | 0 0 | 7
31 4 | 0 0 | 8
29 4 | 0 0 | 8
27 4 | 0 0 | 8
25 4 | 0 0 | 8
23 4 | 0 0 | 8
21 4 | 0 0 | 8
19 4 | 0 0 | 8
17 4 | 0 0 | 8
15 4 | 0 0 | 8
13 4 | 0 0 | 8
11 4 | 0 0 | 8
9 4 | 0 0 | 8
7 4 | 0 0 | 8
5 4 | 0 0 | 8
3 4 | 0 0 | 8
1 4 | 0 0 | 8
2 3 | 0 0 | 8
3 2 | 0 0 | 8
4 1 | 0 0 | 8
5 2 | 0 0 | 8
6 3 | 0 0 | 8
7 4 | 0 0 | 8
8 5 | 0 0 | 8
9 6 | 0 0 | 8
10 7 | 0 0 | 8
11 8 | 0 0 | 8
12 9 | 0 0 | 8
13 10 | 0 0 | 8
14 11 | 0 0 | 8
15 12 | 0 0 | 8
16 13 | 0 0 | 8
17 14 | 0 0 | 8
18 15 | 0 0 | 8
19 16 | 0 0 | 8
20 17 | 0 0 | 8
21 18 | 0 0 | 8
22 19 | 0 0 | 8
23 18 | 0 0 | 8
24 17 | 0 0 | 8
25 16 | 0 0 | 8
26 15 | 0 0 | 8
27 14 | 0 0 | 8
28 13 | 0 0 | 8
29 12 | 0 0 | 8
30 11 | 0 0 | 8
31 10 | 0 0 | 8
32 9 | 0 0 | 8
33 8 | 0 0 | 8
34 7 | 0 0 | 8
35 6 | 0 0 | 8
36 5 | 0 0 | 8
37 4 | 0 0 | 8
38 3 | 0 0 | 8
39 2 | 0 0 | 8
40 1 | 0 0 | 8
41 2 | 0 0 | 8
42 3 | 0 0 | 8
43 4 | 0 0 | 8
44 5 | 0 0 | 8
45 6 | 0 0 | 8
46 7 | 0 0 | 8
47 8 | 0 0 | 8
48 9 | 0 0 | 8
49 10 | 0 0 | 8
50 11 | 0 0 | 8
51 12 | 0 0 | 8
52 13 | 0 0 | 8
53 14 | 0 0 | 8
54 15 | 0 0 | 8
55 16 | 0 0 | 8
56 17 | 0 0 | 8
57 18 | 0 0 | 8
58 19 | 0 0 | 8
59 18 | 0 0 | 8
60 17 | 0 0 | 8
61 16 | 79 4 | 8
62 15 | 79 4 | 8
63 14 | 79 4 | 7
64 13 | 79 4 | 7
65 12 | 79 4 | 6
66 11 | 79 4 | 6
67 10 | 79 4 | 5
68 9 | 79 4 | 5
69 8 | 79 4 | 4
70 7 | 79 4 | 4
71 6 | 79 4 | 3
72 5 | 79 4 | 3
73 4 | 79 4 | 2
74 3 | 79 4 | 2
75 2 | 0 0 | 1
76 1 | 79 4 | 1
77 2 | 0 0 | 1
78 3 | 79 4 | 1
79 4 | 0 0 | 1
78 3 | 0 0 | 1
77 2 | 0 0 | 1
76 1 | 0 0 | 1
75 2 | 0 0 | 1
74 3 | 0 0 | 1
73 4 | 0 0 | 1
72 5 | 0 0 | 1
71 6 | 0 0 | 1
70 7 | 0 0 | 1
69 8 | 0 0 | 1
68 9 | 0 0 | 1
67 10 | 0 0 | 1
66 11 | 0 0 | 1
65 12 | 0 0 | 1
64 13 | 0 0 | 1
63 14 | 0 0 | 1
62 15 | 0 0 | 1
61 16 | 0 0 | 1
60 17 | 0 0 | 1
59 18 | 0 0 | 1
58 19 | 0 0 | 2
57 18 | 0 0 | 2
56 17 | 0 0 | 2
55 16 | 0 0 | 3
54 15 | 0 0 | 3
53 14 | 0 0 | 3
52 13 | 0 0 | 4
51 12 | 0 0 | 4
50 11 | 0 0 | 4
49 10 | 0 0 | 5
48 9 | 0 0 | 5
47 8 | 0 0 | 5
46 7 | 0 0 | 6
45 6 | 0 0 | 6
44 5 | 0 0 | 6
43 4 | 0 0 | 7
42 3 | 0 0 | 7
41 2 | 0 0 | 7
40 1 | 0 0 | 8
39 2 | 0 0 | 8
38 3 | 0 0 | 8
37 4 | 0 0 | 8
36 5 | 0 0 | 8
35 6 | 0 0 | 8
34 7 | 0 0 | 8
33 8 | 0 0 | 8
32 9 | 0 0 | 8
31 10 | 0 0 | 8
30 11 | 0 0 | 8
29 12 | 0 0 | 8
28 13 | 0 0 | 8
27 14 | 0 0 | 8
26 15 | 0 0 | 8
25 16 | 0 0 | 8
24 17 | 0 0 | 8
23 18 | 0 0 | 8
22 19 | 0 0 | 8
21 18 | 0 0 | 8
20 17 | 0 0 | 8
19 16 | 0 0 | 8
18 15 | 0 0 | 8
17 14 | 0 0 | 8
16 13 | 0 0 | 8
15 12 | 0 0 | 8
14 11 | 0 0 | 8
13 10 | 0 0 | 8
12 9 | 0 0 | 8
11 8 | 0 0 | 8
10 7 | 0 0 | 8
9 6 | 0 0 | 8
8 5 | 0 0 | 8
7 4 | 0 0 | 8
6 3 | 0 0 | 8
5 2 | 0 0 | 8
4 1 | 0 0 | 8
3 2 | 0 0 | 8
2 3 | 0 0 | 8
1 4 | 0 0 | 8
3 4 | 0 0 | 8
5 4 | 0 0 | 8
7 4 | 0 0 | 8
9 4 | 0 0 | 8
11 4 | 0 0 | 8
13 4 | 0 0 | 8
15 4 | 0 0 | 8
17 4 | 0 0 | 8
19 4 | 0 0 | 8
21 4 | 0 0 | 8
23 4 | 0 0 | 8
25 4 | 0 0 | 8
27 4 | 0 0 | 8
29 4 | 0 0 | 8
31 4 | 0 0 | 8
33 4 | 0 0 | 8
35 4 | 0 0 | 8
37 4 | 0 0 | 8
39 4 | 0 0 | 8
41 4 | 0 0 | 8
43 4 | 0 0 | 8
45 4 | 0 0 | 8
47 4 | 0 0 | 8
49 4 | 0 0 | 8
51 4 | 0 0 | 8
53 4 | 0 0 | 8
55 4 | 0 0 | 8
57 4 | 0 0 | 8
59 4 | 0 0 | 8
61 4 | 79 4 | 8
63 4 | 79 4 | 8
65 4 | 79 4 | 7
67 4 | 79 4 | 7
69 4 | 79 4 | 6
71 4 | 79 4 | 6
73 4 | 79 4 | 5
75 4 | 79 4 | 5
77 4 | 79 4 | 4
79 4 | 79 4 | 4
78 3 | 79 4 | 4
77 2 | 79 4 | 4
76 1 | 79 4 | 4
75 2 | 79 4 | 4
74 3 | 79 4 | 4
73 4 | 79 4 | 4
72 5 | 79 4 | 4
71 6 | 79 4 | 4
70 7 | 79 4 | 4
69 8 | 79 4 | 4
68 9 | 79 4 | 4
67 10 | 79 4 | 4
66 11 | 79 4 | 4
65 12 | 79 4 | 4
64 13 | 79 4 | 4
63 14 | 79 4 | 4
62 15 | 79 4 | 4
61 16 | 79 4 | 4
60 17 | 79 4 | 4
59 18 | 79 4 | 5
58 19 | 79 4 | 5
57 18 | 79 4 | 5
56 17 | 79 4 | 6
55 16 | 79 4 | 6
54 15 | 79 4 | 6
53 14 | 79 4 | 7
52 13 | 79 4 | 7
51 12 | 79 4 | 7
50 11 | 79 4 | 8
49 10 | 79 4 | 8
48 9 | 79 4 | 8
47 8 | 79 4 | 8
46 7 | 79 4 | 8
45 6 | 79 4 | 8
44 5 | 79 4 | 8
43 4 | 79 4 | 8
42 3 | 79 4 | 8
41 2 | 79 4 | 8
40 1 | 79 4 | 8
39 2 | 79 4 | 8
38 3 | 79 4 | 8
37 4 | 79 4 | 8
36 5 | 79 4 | 8
35 6 | 79 4 | 8
34 7 | 79 4 | 8
33 8 | 79 4 | 8
32 9 | 79 4 | 8
31 10 | 79 4 | 8
30 11 | 79 4 | 8
29 12 | 79 4 | 8
28 13 | 79 4 | 8
27 14 | 79 4 | 8
26 15 | 79 4 | 8
25 16 | 79 4 | 8
24 17 | 79 4 | 8
23 18 | 79 4 | 8
22 19 | 79 4 | 8
21 18 | 79 4 | 8
20 17 | 79 4 | 8
19 16 | 79 4 | 8
18 15 | 79 4 | 8
17 14 | 79 4 | 8
16 13 | 79 4 | 8
15 12 | 79 4 | 8
14 11 | 79 4 | 8
13 10 | 79 4 | 8
12 9 | 79 4 | 8
11 8 | 79 4 | 8
10 7 | 79 4 | 8
9 6 | 79 4 | 8
8 5 | 79 4 | 8
7 4 | 79 4 | 8
6 3 | 79 4 | 8
5 2 | 79 4 | 8
4 1 | 79 4 | 8
3 2 | 79 4 | 8
2 3 | 79 4 | 8
1 4 | 79 4 | 8
3 4 | 79 4 | 8
5 4 | 79 4 | 8
7 4 | 79 4 | 8
9 4 | 79 4 | 8
11 4 | 79 4 | 8
13 4 | 79 4 | 8
15 4 | 79 4 | 8
17 4 | 79 4 | 8
19 4 | 79 4 | 8
21 4 | 79 4 | 8
23 4 | 79 4 | 8
25 4 | 79 4 | 8
27 4 | 79 4 | 8
29 4 | 79 4 | 8
31 4 | 79 4 | 8
33 4 | 79 4 | 8
35 4 | 79 4 | 8
37 4 | 79 4 | 8
39 4 | 79 4 | 8
41 4 | 79 4 | 8
43 4 | 79 4 | 8
